_C_c2dec3e9_0 8c 0 60 0 0 78253068 0 203d2030 0 61646472 
_C_f6adf7f0_0 8c 0 198 0 0 64253064 0 30642530 0 25306425 0 64253064 0 30642530 0 25306425 0 3d253064 0 6d626572 0 2c206e75 0 3d202573 0 79706520 0 62657254 0 6e756d 
_C_ce73daa_0 8c 0 b0 0 0 78253068 0 203d2030 0 2530645d 0 4172725b 0 69717565 0 756e 
_C_ca222db4_0 d4 0 20 0 0 4 
_C_c045db7a_0 d4 0 20 0 0 5 
_C_deedc028_0 d4 0 20 0 0 6 
_C_d48a36e6_0 d4 0 20 0 0 7 
_C_e3bdf68c_0 d4 0 20 0 0 0 
_C_e9da0042_0 d4 0 20 0 0 1 
_C_f7721b10_0 d4 0 20 0 0 2 
_C_fd15edde_0 d4 0 20 0 0 3 
_C_b08240fc_0 d4 0 20 0 0 8 
_C_bae5b632_0 d4 0 20 0 0 9 
_C_dab76c70_0 8c 0 50 0 0 4172723a 0 69717565 0 756e 
_C_164c587a_0 8c 0 1c8 0 0 64253064 0 30642530 0 25306425 0 2530642d 0 64253064 0 30642530 0 30642d25 0 25306425 0 65723d2b 0 6e756d62 0 25732c20 0 65203d20 0 72547970 0 756d6265 0 6e 
_C_64cdfe4e_0 8c 0 1b0 0 0 64253064 0 30642530 0 25306425 0 64253064 0 30642530 0 25306425 0 64253064 0 723d2530 0 756d6265 0 732c206e 0 203d2025 0 54797065 0 6d626572 0 6e75 
_C_6c4d4ff5_0 8c 0 108 0 0 64253064 0 30642530 0 65723d25 0 6e756d62 0 25732c20 0 65203d20 0 72547970 0 756d6265 0 6e 
_C_2c085f04_0 8c 0 b0 0 0 78253068 0 203d2030 0 2530645d 0 6e65735b 0 756e744f 0 636f 
_C_1f5eee6b_0 8c 0 50 0 0 6e65733a 0 756e744f 0 636f 
_C_19f49510_0 8c 0 a0 0 0 20253068 0 645d203d 0 735b2530 0 744f6e65 0 636f756e 
_C_efd42694_0 8c 0 240 0 0 2a2a2a2a 0 2a2a2a2a 0 2a2a2a2a 0 2a2a2a2a 0 2a2a2a2a 0 2a2a2a2a 0 2a2a2a2a 0 2a2a2a2a 0 2a2a2a2a 0 2a2a2a2a 0 2a2a2a2a 0 2a2a2a2a 0 2a2a2a2a 0 2a2a2a2a 0 2a2a2a2a 0 2a2a2a2a 0 2a2a2a2a 0 2a2a2a2a 
_C_c0989876_0 8c 0 8 0 0 a 
_C_2bb29cd2_0 94 0 20 0 0 3 
_C_11cd5f6b_0 8c 0 120 0 0 64253064 0 30642530 0 25306425 0 6265723d 0 206e756d 0 2025732c 0 7065203d 0 65725479 0 6e756d62 
