_C_2aa779e0_0 8c 0 68 0 0 6179733a 0 20417272 0 73736f63 0 41 
_C_c4c51021_0 94 0 20 0 0 64 
_C_5cafbc3_0 8c 0 78 0 0 65733a20 0 61746368 0 6f63206d 0 417373 
_C_e2df977a_0 8c 0 b8 0 0 20253064 0 645d203d 0 795b2530 0 41727261 0 616d6963 0 64796e 
_C_783618e3_0 8c 0 a8 0 0 20253064 0 645d203d 0 795b2530 0 41727261 0 73736f63 0 61 
_C_cbc9e70f_0 8c 0 a8 0 0 20253064 0 645d203d 0 795b2530 0 41727261 0 75657565 0 71 
_C_4dccfd14_0 8c 0 78 0 0 65733a20 0 61746368 0 6564206d 0 666978 
_C_93d3c520_0 8c 0 88 0 0 65733a20 0 61746368 0 6963206d 0 796e616d 0 64 
_C_7466d5d3_0 8c 0 90 0 0 6179733a 0 20617272 0 73697a65 0 78656420 0 6669 
_C_2b4099c5_0 8c 0 68 0 0 6179733a 0 20417272 0 75657565 0 71 
_C_916bd37_0 8c 0 58 0 0 65733a20 0 61746368 0 51206d 
_C_b29a5769_0 8c 0 78 0 0 6179733a 0 20617272 0 616d6963 0 64796e 
_C_d264b575_0 94 0 20 0 0 c8 
_C_cf95c28b_0 94 0 20 0 0 32 
_C_92489ce2_0 8c 0 c8 0 0 20253064 0 645d203d 0 795b2530 0 41727261 0 53697a65 0 69786564 0 66 
_C_78143eb2_0 8c 0 18 0 0 253064 
_C_bafa3058_0 94 0 20 0 0 14 
_C_b35bc3_0 84 0 20 0 0 0 
_C_ca3dabde_0 94 0 20 0 0 19 
_C_3f7d714e_0 94 0 20 0 0 1 
_C_2bb29cd2_0 94 0 20 0 0 3 
